[{"id": 0, "img_name": "0001", "width": 1842, "height": 1042, "position": [-3.6707931459790126, -0.32438143608314, 0.30332108019108067], "rotation": [[0.13690045454362515, -0.7026884572300911, 0.6982028341544764], [0.7732395096550498, 0.5163610471299972, 0.36806511613467424], [-0.6191598551700257, 0.48948973542088414, 0.614036540169578]], "fy": 1680.3812796462603, "fx": 1680.4026297596713}, {"id": 1, "img_name": "0002", "width": 1842, "height": 1042, "position": [-3.691611800242493, -0.28590120507947653, 0.24468679007674657], "rotation": [[0.1463647053025525, -0.7053934747773856, 0.6935397744781351], [0.7749399596189136, 0.5175208042852024, 0.3628226510539736], [-0.6148539924466077, 0.4843472544295909, 0.622384370866576]], "fy": 1680.3812796462603, "fx": 1680.4026297596713}, {"id": 2, "img_name": "0003", "width": 1842, "height": 1042, "position": [-3.6893608239528284, -0.2256045453915813, 0.1518471462219478], "rotation": [[0.16752593714331843, -0.707328382115902, 0.6867471297628797], [0.7778714251108395, 0.5227974278857236, 0.3487103316394614], [-0.6056823477535765, 0.4757829434199716, 0.6377926656605134]], "fy": 1680.3812796462603, "fx": 1680.4026297596713}, {"id": 3, "img_name": "0004", "width": 1842, "height": 1042, "position": [-3.6788074398893484, -0.08421132889919325, 0.03514173865325058], "rotation": [[0.21203900852318625, -0.7134145104539908, 0.6678916043327665], [0.7757338571673772, 0.5385345391979763, 0.3289643338343028], [-0.5943706265527658, 0.4483528592130487, 0.6676101197006802]], "fy": 1680.3812796462603, "fx": 1680.4026297596713}, {"id": 4, "img_name": "0005", "width": 1842, "height": 1042, "position": [-3.5861129256938846, 0.09916106985676482, -0.10599440218989223], "rotation": [[0.27483685692459253, -0.7143863163684331, 0.6435191473929524], [0.766585574740203, 0.5667932562306903, 0.3018144484474583], [-0.5803544250507991, 0.41036276107482283, 0.7034139219883297]], "fy": 1680.3812796462603, "fx": 1680.4026297596713}, {"id": 5, "img_name": "0006", "width": 1842, "height": 1042, "position": [-3.4453258831161007, 0.3402902738783336, -0.27227003090204127], "rotation": [[0.3624386863944403, -0.7021546267900997, 0.6128760712264173], [0.7419399202872083, 0.615346533239965, 0.2662213340695441], [-0.564059707202069, 0.35822831282132434, 0.7439819370148067]], "fy": 1680.3812796462603, "fx": 1680.4026297596713}, {"id": 6, "img_name": "0007", "width": 1842, "height": 1042, "position": [-3.3086811307549833, 0.5313517415770662, -0.3955557928708848], "rotation": [[0.44172666342847206, -0.6826714606167541, 0.5820972699435524], [0.7116283248097826, 0.6617209712597731, 0.23603068343638114], [-0.5463173822465949, 0.30997585882518336, 0.7781081446693755]], "fy": 1680.3812796462603, "fx": 1680.4026297596713}, {"id": 7, "img_name": "0008", "width": 1842, "height": 1042, "position": [-3.130450527880401, 0.689128785853087, -0.47419277038626145], "rotation": [[0.5042880924118207, -0.6621524430291982, 0.5542992531495162], [0.6824526294737034, 0.6988983759025962, 0.2140081042510811], [-0.5291048368481195, 0.2703612441737496, 0.8043338046313526]], "fy": 1680.3812796462603, "fx": 1680.4026297596713}, {"id": 8, "img_name": "0009", "width": 1842, "height": 1042, "position": [-2.9737114799117927, 0.7978383362438619, -0.5660829832532475], "rotation": [[0.5517485327590627, -0.6447466138744025, 0.5290324758421867], [0.6576178983960397, 0.7264567060698593, 0.19949775416105858], [-0.5129446912751879, 0.2378286317995003, 0.824818334901074]], "fy": 1680.3812796462603, "fx": 1680.4026297596713}, {"id": 9, "img_name": "0010", "width": 1842, "height": 1042, "position": [-2.817518524540351, 0.933526760748442, -0.6806029990092177], "rotation": [[0.5927215886802527, -0.626634772844834, 0.505974287661004], [0.6352694040597777, 0.7499130570513098, 0.18456216061125205], [-0.4950897924396061, 0.2120360071442153, 0.8425715572557892]], "fy": 1680.3812796462603, "fx": 1680.4026297596713}, {"id": 10, "img_name": "0011", "width": 1842, "height": 1042, "position": [-2.600346975219202, 1.1664491240565842, -0.8539884671999306], "rotation": [[0.6391936949402984, -0.6030944059496297, 0.47718817866836544], [0.6099745700165911, 0.7754714292109341, 0.16301866890214084], [-0.46836144619475595, 0.186872148780428, 0.8635486991065081]], "fy": 1680.3812796462603, "fx": 1680.4026297596713}, {"id": 11, "img_name": "0012", "width": 1842, "height": 1042, "position": [-2.4190073684055298, 1.4052222851824272, -1.0738901937121512], "rotation": [[0.6949324419425774, -0.5693895007661697, 0.4391634064365775], [0.5735291521169336, 0.8072857027843723, 0.13911903447038904], [-0.4337432567864978, 0.15519468578915352, 0.8875705023799789]], "fy": 1680.3812796462603, "fx": 1680.4026297596713}, {"id": 12, "img_name": "0013", "width": 1842, "height": 1042, "position": [-2.263626357989415, 1.558452280534042, -1.256827875842822], "rotation": [[0.7530956438156067, -0.5275308054777267, 0.39313890743346364], [0.5276159965578303, 0.8412330018612508, 0.11810333084124361], [-0.3930245684969888, 0.11848327245450961, 0.9118626007827199]], "fy": 1680.3812796462603, "fx": 1680.4026297596713}, {"id": 13, "img_name": "0014", "width": 1842, "height": 1042, "position": [-2.10481990153802, 1.613063874690963, -1.3496115747539221], "rotation": [[0.7982154481153754, -0.4875689877360218, 0.35373518426648165], [0.4837084704474167, 0.8687883809015586, 0.10598521042045866], [-0.3589961197664833, 0.08650567269560618, 0.9293215560741553]], "fy": 1680.3812796462603, "fx": 1680.4026297596713}, {"id": 14, "img_name": "0015", "width": 1842, "height": 1042, "position": [-1.9185921756635755, 1.6465935039387527, -1.3881757296820827], "rotation": [[0.8270170981662786, -0.4567773321359705, 0.3277151021655443], [0.45181808114112765, 0.8869276237114073, 0.0960198513411978], [-0.33451926834575213, 0.06865754979885004, 0.9398845673597588]], "fy": 1680.3812796462603, "fx": 1680.4026297596713}, {"id": 15, "img_name": "0016", "width": 1842, "height": 1042, "position": [-1.7793283446348684, 1.6992142965276176, -1.4437267678120547], "rotation": [[0.8580153123753692, -0.41844184351143615, 0.2978525597139435], [0.4157194113029303, 0.906334986205848, 0.07572492221977312], [-0.30164067165311537, 0.058849947986352326, 0.9516036931552238]], "fy": 1680.3812796462603, "fx": 1680.4026297596713}, {"id": 16, "img_name": "0017", "width": 1842, "height": 1042, "position": [-1.6418421670015133, 1.8242169982655727, -1.5607447126999499], "rotation": [[0.890532116022993, -0.37291505767831384, 0.2605511659701219], [0.3720318056048785, 0.9266095130558633, 0.05465478874490017], [-0.2618107827229126, 0.048261476056535184, 0.963911792633984]], "fy": 1680.3812796462603, "fx": 1680.4026297596713}, {"id": 17, "img_name": "0018", "width": 1842, "height": 1042, "position": [-1.4112265350707915, 2.0430357430906874, -1.7326925021430148], "rotation": [[0.9299841052915564, -0.30284861439493804, 0.20835613901234004], [0.3027122978190093, 0.9524988768732804, 0.03333398122449242], [-0.2085541384250114, 0.032071892900257276, 0.9774848157550047]], "fy": 1680.3812796462603, "fx": 1680.4026297596713}, {"id": 18, "img_name": "0019", "width": 1842, "height": 1042, "position": [-1.1886045152663745, 2.186211680943876, -1.8393124753203347], "rotation": [[0.9599056298989328, -0.2287570400145919, 0.1620228327492632], [0.22881478744249176, 0.9732930416463053, 0.018559313848596937], [-0.16194126940338785, 0.019258030186023626, 0.9866124637046572]], "fy": 1680.3812796462603, "fx": 1680.4026297596713}, {"id": 19, "img_name": "0020", "width": 1842, "height": 1042, "position": [-1.043101422871674, 2.2278820121142098, -1.964181184383386], "rotation": [[0.9741758105816455, -0.18106356316847, 0.13489802137293064], [0.18082710330146146, 0.983413723710208, 0.014106974517072176], [-0.13521482459108083, 0.010650545110942282, 0.9907590610737017]], "fy": 1680.3812796462603, "fx": 1680.4026297596713}, {"id": 20, "img_name": "0021", "width": 1842, "height": 1042, "position": [-0.9708374852630961, 2.244385872501517, -2.0185996347161286], "rotation": [[0.9805495316197903, -0.15474772627554967, 0.12073010085623734], [0.1544056235712175, 0.9879317122105593, 0.012240727849929823], [-0.12116732005699049, 0.006638766546589295, 0.9926098968522059]], "fy": 1680.3812796462603, "fx": 1680.4026297596713}, {"id": 21, "img_name": "0022", "width": 1842, "height": 1042, "position": [-0.9218005026477556, 2.2928828687747522, -2.088726767622973], "rotation": [[0.9852823096588953, -0.13281958623482232, 0.10759985030492976], [0.13257288227362826, 0.9911279726919342, 0.009474842122126714], [-0.10790366610498177, 0.004929427957393077, 0.9941491334709887]], "fy": 1680.3812796462603, "fx": 1680.4026297596713}, {"id": 22, "img_name": "0023", "width": 1842, "height": 1042, "position": [-0.7861953420917859, 2.3434837984292756, -2.148201635695677], "rotation": [[0.9896304766201763, -0.11093755123154395, 0.091238037414619], [0.11089185327883315, 0.9938167814515306, 0.0055858555035001745], [-0.09129357382044255, 0.004589622214170308, 0.9958134457552893]], "fy": 1680.3812796462603, "fx": 1680.4026297596713}, {"id": 23, "img_name": "0024", "width": 1842, "height": 1042, "position": [-0.5648508012561072, 2.360606512669352, -2.2300000756018816], "rotation": [[0.9947613047115511, -0.07759884139479754, 0.06654597255099313], [0.07758474674898788, 0.9969818287654632, 0.002800032744057422], [-0.0665624047076718, 0.0023775882018202757, 0.9977794312140706]], "fy": 1680.3812796462603, "fx": 1680.4026297596713}, {"id": 24, "img_name": "0025", "width": 1842, "height": 1042, "position": [-0.355115804672477, 2.4019398574694777, -2.2505538886361043], "rotation": [[0.9986609477464661, -0.036118642058048656, 0.037037212935276634], [0.03605160528551351, 0.9993468611498297, 0.0024764624609583986], [-0.03710246895380413, -0.0011378953667011513, 0.9993108185102704]], "fy": 1680.3812796462603, "fx": 1680.4026297596713}, {"id": 25, "img_name": "0026", "width": 1842, "height": 1042, "position": [-0.20844154452468727, 2.391832985821509, -2.2415897526455915], "rotation": [[0.9999515265083063, 0.0069148152823156365, 0.007009276946972114], [-0.006945277061895087, 0.9999665024884087, 0.0043309384240645425], [-0.006979094514434845, -0.004379409858757092, 0.9999660559284237]], "fy": 1680.3812796462603, "fx": 1680.4026297596713}, {"id": 26, "img_name": "0027", "width": 1842, "height": 1042, "position": [-0.03681330628027162, 2.3547662855019817, -2.2092096035631164], "rotation": [[0.9990241810403951, 0.040284508005574884, -0.018106466008488083], [-0.040133364908767004, 0.9991570207092246, 0.008634870500821214], [0.018439054142431233, -0.007899771022945945, 0.9997987772047521]], "fy": 1680.3812796462603, "fx": 1680.4026297596713}, {"id": 27, "img_name": "0028", "width": 1842, "height": 1042, "position": [0.07983290856662391, 2.2535837292464174, -2.1629102557825077], "rotation": [[0.9978507306934159, 0.05785864227106466, -0.030761937019066515], [-0.05752960805429554, 0.9982778344048223, 0.0114764773836666], [0.03137297326896478, -0.00968208916338036, 0.9994608515083006]], "fy": 1680.3812796462603, "fx": 1680.4026297596713}, {"id": 28, "img_name": "0029", "width": 1842, "height": 1042, "position": [0.22900518137833606, 2.16134315721421, -2.1236513314500924], "rotation": [[0.9964816044660915, 0.07257054424014671, -0.04192765280066259], [-0.07203670035195772, 0.9973021995610445, 0.014108031510630004], [0.042838367885416145, -0.011038064114308507, 0.9990210385059577]], "fy": 1680.3812796462603, "fx": 1680.4026297596713}, {"id": 29, "img_name": "0030", "width": 1842, "height": 1042, "position": [0.39911033138397295, 2.0793549236590763, -2.05317028436368], "rotation": [[0.9942883446639179, 0.08924316593964338, -0.058534989523832306], [-0.0881603379875097, 0.9958884250470895, 0.02083265857147628], [0.060153490932895425, -0.015553205145465336, 0.9980679612823412]], "fy": 1680.3812796462603, "fx": 1680.4026297596713}, {"id": 30, "img_name": "0031", "width": 1842, "height": 1042, "position": [0.6686362495540644, 1.9754538039726273, -1.9127336052361221], "rotation": [[0.988786548982762, 0.11997497121112123, -0.08892225162269977], [-0.11737038272356629, 0.9925066541344261, 0.033981388409102906], [0.09233284253224133, -0.023163501069082156, 0.9954587376723049]], "fy": 1680.3812796462603, "fx": 1680.4026297596713}, {"id": 31, "img_name": "0032", "width": 1842, "height": 1042, "position": [0.943935785754905, 1.8905552529723664, -1.795501650306668], "rotation": [[0.9787271874841047, 0.16185902525745244, -0.12607437654877193], [-0.1559740173416131, 0.986212209625324, 0.055295420246654854], [0.13328615229562424, -0.03445480414460892, 0.9904785046014801]], "fy": 1680.3812796462603, "fx": 1680.4026297596713}, {"id": 32, "img_name": "0033", "width": 1842, "height": 1042, "position": [1.1657400452271784, 1.784444293190775, -1.740790395078038], "rotation": [[0.9656580842581058, 0.2036689894147562, -0.1613177208422462], [-0.19338775918823867, 0.9780784433496079, 0.07722521123933199], [0.1735097660165466, -0.04337627699076505, 0.9838764453381854]], "fy": 1680.3812796462603, "fx": 1680.4026297596713}, {"id": 33, "img_name": "0034", "width": 1842, "height": 1042, "position": [1.3329626460690838, 1.6058958742874498, -1.6454977267193223], "rotation": [[0.9567197953080825, 0.2276457822831701, -0.1812860476549267], [-0.21422007806233515, 0.9725610857582153, 0.09074520716692591], [0.19696951901405427, -0.04798262474568028, 0.9792347401424683]], "fy": 1680.3812796462603, "fx": 1680.4026297596713}, {"id": 34, "img_name": "0035", "width": 1842, "height": 1042, "position": [1.4765219720244733, 1.4590266615023275, -1.554211664364707], "rotation": [[0.950453588266525, 0.24450119018312857, -0.19198214643638217], [-0.22914723858701452, 0.968362462391208, 0.09882147782532878], [0.21007027300223308, -0.049933049482979726, 0.9764103496840341]], "fy": 1680.3812796462603, "fx": 1680.4026297596713}, {"id": 35, "img_name": "0036", "width": 1842, "height": 1042, "position": [1.6168771605720638, 1.35469481918161, -1.4687697211820343], "rotation": [[0.9380400551190103, 0.273600896227763, -0.21265795206313992], [-0.25533786962445243, 0.9606188804138336, 0.10960811524754337], [0.23427212238755596, -0.048517174029795364, 0.9709596575018925]], "fy": 1680.3812796462603, "fx": 1680.4026297596713}, {"id": 36, "img_name": "0037", "width": 1842, "height": 1042, "position": [1.7475926949898228, 1.2876813583737277, -1.3870259290235376], "rotation": [[0.9144047528645989, 0.32279876571431004, -0.2442640063373027], [-0.30085859789220376, 0.9456484742901442, 0.12342231219297221], [0.2708284549543661, -0.039369022416618854, 0.9618222434842058]], "fy": 1680.3812796462603, "fx": 1680.4026297596713}, {"id": 37, "img_name": "0038", "width": 1842, "height": 1042, "position": [1.901648149245253, 1.2142108545889345, -1.323900978617597], "rotation": [[0.8656431926242288, 0.4057904915065127, -0.29325064376099025], [-0.3772405203791459, 0.9137483670258711, 0.1508426714879614], [0.3291678186691456, -0.019949906276891142, 0.944060669868277]], "fy": 1680.3812796462603, "fx": 1680.4026297596713}, {"id": 38, "img_name": "0039", "width": 1842, "height": 1042, "position": [2.073363359303547, 1.1233981186299131, -1.2944905713915216], "rotation": [[0.7982430360266979, 0.4923874771857773, -0.3469331747548876], [-0.4569412784700722, 0.8702961686018024, 0.18381851633379903], [0.39244454826767006, 0.011796237859964417, 0.9197000191950282]], "fy": 1680.3812796462603, "fx": 1680.4026297596713}, {"id": 39, "img_name": "0040", "width": 1842, "height": 1042, "position": [2.2111998690928485, 0.991768118591271, -1.1950593072718507], "rotation": [[0.7282970729494755, 0.5650501748588558, -0.38768759771909467], [-0.5244880625317526, 0.8237435971441944, 0.2153108414029149], [0.44101660489704286, 0.0465272614272458, 0.8962921221059383]], "fy": 1680.3812796462603, "fx": 1680.4026297596713}, {"id": 40, "img_name": "0041", "width": 1842, "height": 1042, "position": [2.345153206618941, 0.761669756097334, -1.0352732133934452], "rotation": [[0.6627038112848315, 0.6199081131611276, -0.42016376538865047], [-0.5750535804379142, 0.7806453663225846, 0.2447574139114339], [0.4797260031873336, 0.07941500661769291, 0.8738170395396385]], "fy": 1680.3812796462603, "fx": 1680.4026297596713}, {"id": 41, "img_name": "0042", "width": 1842, "height": 1042, "position": [2.4964772331994802, 0.6319086346362757, -0.9160714725154273], "rotation": [[0.5986417611371091, 0.6583051050137279, -0.45635778785457914], [-0.6126142877836644, 0.7433257299438933, 0.2686458516461617], [0.5160734213520143, 0.118748675429425, 0.8482729371244749]], "fy": 1680.3812796462603, "fx": 1680.4026297596713}, {"id": 42, "img_name": "0043", "width": 1842, "height": 1042, "position": [2.7061778630773268, 0.5326169348731905, -0.7960660684870151], "rotation": [[0.528376358974117, 0.6918330849542115, -0.4921233644524447], [-0.644685516516885, 0.7041111992311581, 0.2976709658509166], [0.5524481949202225, 0.15998250429343555, 0.8180504814798344]], "fy": 1680.3812796462603, "fx": 1680.4026297596713}, {"id": 43, "img_name": "0044", "width": 1842, "height": 1042, "position": [2.9171488401194794, 0.40939534744736267, -0.6923217742854072], "rotation": [[0.4380080170529915, 0.7277228158467332, -0.5277958699093883], [-0.6800433177240226, 0.652209575835106, 0.3349085773877633], [0.5879541334289694, 0.21223141257856457, 0.7805560610863878]], "fy": 1680.3812796462603, "fx": 1680.4026297596713}, {"id": 44, "img_name": "0045", "width": 1842, "height": 1042, "position": [3.0332170413612, 0.23823935902694815, -0.6164414724694307], "rotation": [[0.3549600479246646, 0.755535865705104, -0.5506077732928937], [-0.7077745830087361, 0.6019629154559417, 0.36972393493333955], [0.6107851537358527, 0.25846896148091275, 0.7484218676166865]], "fy": 1680.3812796462603, "fx": 1680.4026297596713}, {"id": 45, "img_name": "0046", "width": 1842, "height": 1042, "position": [3.1277140737086233, 0.07297984306003298, -0.5175263611830946], "rotation": [[0.2862555228061445, 0.7755931638759033, -0.5625948984944199], [-0.7266390827405012, 0.5584520996981911, 0.4001585882831016], [0.6245425678823051, 0.2942558351021229, 0.7234363029398846]], "fy": 1680.3812796462603, "fx": 1680.4026297596713}, {"id": 46, "img_name": "0047", "width": 1842, "height": 1042, "position": [3.228863505573813, -0.04016673061113976, -0.4582130963935023], "rotation": [[0.22513616448949217, 0.788164014333558, -0.572809910833054], [-0.7404711943270118, 0.5205117991305915, 0.4251704097626782], [0.6332583341819428, 0.32842800348850537, 0.7007987790469279]], "fy": 1680.3812796462603, "fx": 1680.4026297596713}, {"id": 47, "img_name": "0048", "width": 1842, "height": 1042, "position": [3.371338368419713, -0.2132846754921197, -0.33512389655290586], "rotation": [[0.16542498663004826, 0.7978303239110365, -0.579742484251809], [-0.7537237808516235, 0.4813845767690563, 0.4474028960876431], [0.6360306879209385, 0.3629540790470431, 0.6809767253922343]], "fy": 1680.3812796462603, "fx": 1680.4026297596713}, {"id": 48, "img_name": "0049", "width": 1842, "height": 1042, "position": [3.5714776298891784, -0.4158881338982811, -0.1791655931341674], "rotation": [[0.08682907857553852, 0.8066428703946283, -0.5846263685083302], [-0.769995450727429, 0.4266978548056775, 0.474379538516678], [0.6321136899109102, 0.40896970590221937, 0.6581611221285146]], "fy": 1680.3812796462603, "fx": 1680.4026297596713}, {"id": 49, "img_name": "0050", "width": 1842, "height": 1042, "position": [3.6827728673461197, -0.6074926141068103, -0.030878262442383224], "rotation": [[0.0063591665964438686, 0.8127590503035798, -0.5825652642836006], [-0.780835325196158, 0.36798176740067834, 0.5048619749857213], [0.624704534901107, 0.45167703617772736, 0.6369710347132713]], "fy": 1680.3812796462603, "fx": 1680.4026297596713}, {"id": 50, "img_name": "0051", "width": 1842, "height": 1042, "position": [3.6552421943297895, -0.7408765637013258, 0.06964081840941419], "rotation": [[-0.06747252736325107, 0.8152610635799004, -0.575149420813222], [-0.7847353436833691, 0.3126337234951145, 0.5352107952085091], [0.6161476271360293, 0.487452103435968, 0.6186699834568431]], "fy": 1680.3812796462603, "fx": 1680.4026297596713}, {"id": 51, "img_name": "0052", "width": 1842, "height": 1042, "position": [3.583736643274487, -0.9242379515921064, 0.21915540198513894], "rotation": [[-0.15632851872565037, 0.8111813739629615, -0.5635123536965323], [-0.7774224605267275, 0.25086047563395125, 0.5767870834487163], [0.6092419159099386, 0.5282554309235917, 0.5914139731170693]], "fy": 1680.3812796462603, "fx": 1680.4026297596713}, {"id": 52, "img_name": "0053", "width": 1842, "height": 1042, "position": [3.550557162470768, -1.1015760790276896, 0.3645216188920466], "rotation": [[-0.23139028683792515, 0.8013671864136568, -0.5516059895401081], [-0.7607738791518655, 0.20434784869324624, 0.6160073550978631], [0.6063675782537231, 0.5621855470161976, 0.5623751157090906]], "fy": 1680.3812796462603, "fx": 1680.4026297596713}, {"id": 53, "img_name": "0054", "width": 1842, "height": 1042, "position": [3.546724968731998, -1.4550663748450163, 0.6290503811969177], "rotation": [[-0.3466117115261673, 0.7768859863168159, -0.5256505357149829], [-0.724985635723453, 0.13370489582953218, 0.6756617710259138], [0.5951942115205432, 0.6152813706717941, 0.5168874978916369]], "fy": 1680.3812796462603, "fx": 1680.4026297596713}, {"id": 54, "img_name": "0055", "width": 1842, "height": 1042, "position": [3.5023742954038926, -1.7026666860369752, 0.7970712936769173], "rotation": [[-0.41785270649097583, 0.7549730469763084, -0.5053858070993639], [-0.6999290291269159, 0.08714068651398021, 0.7088764736816457], [0.5792222974503136, 0.6499401503932353, 0.49201558008176866]], "fy": 1680.3812796462603, "fx": 1680.4026297596713}, {"id": 55, "img_name": "0056", "width": 1842, "height": 1042, "position": [3.3796656996583687, -1.8636155915783406, 0.9186594912734736], "rotation": [[-0.47152705476469164, 0.7338263191315041, -0.4890410718690644], [-0.6786014167928197, 0.05221435101642654, 0.7326484686906207], [0.5631716911845919, 0.677327538859776, 0.47335510069127307]], "fy": 1680.3812796462603, "fx": 1680.4026297596713}, {"id": 56, "img_name": "0057", "width": 1842, "height": 1042, "position": [3.2120330744169836, -2.0063520997508495, 1.0083753394963961], "rotation": [[-0.5334714766897753, 0.7035112290602963, -0.4695531217492874], [-0.6466422843706664, 0.018620975939555653, 0.7625660727562855], [0.5452173324668943, 0.7104401521881555, 0.44498634870808607]], "fy": 1680.3812796462603, "fx": 1680.4026297596713}, {"id": 57, "img_name": "0058", "width": 1842, "height": 1042, "position": [3.0324519105692676, -2.1577251344355104, 1.0984125041099027], "rotation": [[-0.6067842287665329, 0.6597026337782143, -0.44340200124299295], [-0.6053058022629476, -0.021948242252235416, 0.7956903671710789], [0.515187136356308, 0.751206169868249, 0.4126396792419054]], "fy": 1680.3812796462603, "fx": 1680.4026297596713}, {"id": 58, "img_name": "0059", "width": 1842, "height": 1042, "position": [2.873978421530975, -2.3590961985739063, 1.2598239878740969], "rotation": [[-0.6845663658394784, 0.6024201090734833, -0.4104374531463007], [-0.5558413809636137, -0.06711644607282483, 0.8285745240320972], [0.47160285195256435, 0.7953523714998566, 0.3807956869237908]], "fy": 1680.3812796462603, "fx": 1680.4026297596713}, {"id": 59, "img_name": "0060", "width": 1842, "height": 1042, "position": [2.7191399555088056, -2.604536219371091, 1.4570069548929103], "rotation": [[-0.7692108409162657, 0.5281774614187172, -0.3596432280276806], [-0.488613324514378, -0.12347326930493463, 0.8637194977966851], [0.4117908465761446, 0.8401088745016505, 0.3530515226700938]], "fy": 1680.3812796462603, "fx": 1680.4026297596713}, {"id": 60, "img_name": "0061", "width": 1842, "height": 1042, "position": [2.5359639814152217, -2.777285102992573, 1.5641326828234798], "rotation": [[-0.8198985906746219, 0.4757837866813448, -0.31842752604152996], [-0.43794588868414797, -0.1629913633327882, 0.8841024907009201], [0.3687406942478964, 0.86432841201136, 0.3420039423683592]], "fy": 1680.3812796462603, "fx": 1680.4026297596713}, {"id": 61, "img_name": "0062", "width": 1842, "height": 1042, "position": [2.3390434144388568, -2.92413587786197, 1.6315111914753095], "rotation": [[-0.8541903408687912, 0.43498405841056786, -0.2848644072100431], [-0.39593920945293704, -0.18903113970796442, 0.8986096875943921], [0.3370326452797131, 0.8803727035462761, 0.33369581787367314]], "fy": 1680.3812796462603, "fx": 1680.4026297596713}, {"id": 62, "img_name": "0063", "width": 1842, "height": 1042, "position": [2.2237185352295876, -3.0688287443628464, 1.7411538242797748], "rotation": [[-0.8800348911662569, 0.3984086405708145, -0.25847465146220744], [-0.35872740231965927, -0.20100383036280384, 0.9115438064100213], [0.3112125337369678, 0.8949122947518356, 0.3198104806710062]], "fy": 1680.3812796462603, "fx": 1680.4026297596713}, {"id": 63, "img_name": "0064", "width": 1842, "height": 1042, "position": [1.9638190232454154, -3.3199227164193394, 1.9527665590537933], "rotation": [[-0.912483037179977, 0.343931092919836, -0.22155385390863958], [-0.30670266919465045, -0.21667620967276316, 0.9268143788648949], [0.2707548329535051, 0.9136535576928551, 0.30319795010439604]], "fy": 1680.3812796462603, "fx": 1680.4026297596713}, {"id": 64, "img_name": "0065", "width": 1842, "height": 1042, "position": [1.675570630836282, -3.5337797778714735, 2.1217710066451114], "rotation": [[-0.9414146326326126, 0.28437288351726836, -0.18130237887374004], [-0.2509816681150257, -0.23166272863852455, 0.939862001801303], [0.22527026376200235, 0.930303414634079, 0.2894630632477492]], "fy": 1680.3812796462603, "fx": 1680.4026297596713}, {"id": 65, "img_name": "0066", "width": 1842, "height": 1042, "position": [1.4489533450222176, -3.672226720704271, 2.1894307726102635], "rotation": [[-0.9644826758179287, 0.22482611554925347, -0.13865924352210202], [-0.1936731299260004, -0.24493759348253646, 0.9499980494946557], [0.1796215098248382, 0.9431112304845156, 0.2797808430579698]], "fy": 1680.3812796462603, "fx": 1680.4026297596713}, {"id": 66, "img_name": "0067", "width": 1842, "height": 1042, "position": [1.1809209149935598, -3.725816946694525, 2.2393629476857355], "rotation": [[-0.983409680203186, 0.15845317129729802, -0.08830624773194697], [-0.12749023062759984, -0.2574330780866503, 0.9578488666806226], [0.12904124138115008, 0.9532160315545796, 0.27336341234728206]], "fy": 1680.3812796462603, "fx": 1680.4026297596713}, {"id": 67, "img_name": "0068", "width": 1842, "height": 1042, "position": [0.928493783982303, -3.779794299116124, 2.2709500961012954], "rotation": [[-0.9945035280341084, 0.09538916927517348, -0.04316988664222767], [-0.06676883767122666, -0.26018176978557306, 0.9632483423226224], [0.08065144167182549, 0.960836277966355, 0.2651207119408386]], "fy": 1680.3812796462603, "fx": 1680.4026297596713}, {"id": 68, "img_name": "0069", "width": 1842, "height": 1042, "position": [0.6103759822421757, -3.8408434731777024, 2.327005163738366], "rotation": [[-0.9998037007173509, 0.01968815895637654, 0.0022218075518931177], [-0.002901161761751078, -0.2564035929692491, 0.9665654560209005], [0.01959957377907368, 0.966369274092139, 0.2564103796618044]], "fy": 1680.3812796462603, "fx": 1680.4026297596713}, {"id": 69, "img_name": "0070", "width": 1842, "height": 1042, "position": [0.2476912592160833, -3.9008158652854545, 2.361800108360881], "rotation": [[-0.99649343033385, -0.06904990805037477, 0.04725413738192616], [0.06299701787557871, -0.24748561994954588, 0.9668413746095955], [-0.05506558853094351, 0.9664279477107555, 0.25096773267357975]], "fy": 1680.3812796462603, "fx": 1680.4026297596713}, {"id": 70, "img_name": "0071", "width": 1842, "height": 1042, "position": [-0.09625268817815001, -3.8454239426789534, 2.3722874341273443], "rotation": [[-0.9832932831904273, -0.15674294782258044, 0.09255251234017108], [0.12869996712163415, -0.2390809503921952, 0.9624326561492261], [-0.1287269889940722, 0.9582650716098611, 0.2552595048907438]], "fy": 1680.3812796462603, "fx": 1680.4026297596713}, {"id": 71, "img_name": "0072", "width": 1842, "height": 1042, "position": [-0.40805349335531577, -3.6895227341439094, 2.2886842392599602], "rotation": [[-0.9648837684316535, -0.2278937990291183, 0.1306282120416843], [0.183754311719078, -0.23023681484866745, 0.9556282551353265], [-0.18770633005250328, 0.9460736892295528, 0.2640282337285247]], "fy": 1680.3812796462603, "fx": 1680.4026297596713}, {"id": 72, "img_name": "0073", "width": 1842, "height": 1042, "position": [-0.6804914023831075, -3.535658333498184, 2.2022016542374745], "rotation": [[-0.9435554016888327, -0.28510075443389515, 0.16858458934626303], [0.23502150036653036, -0.21765817687622446, 0.947306609501054], [-0.2333840146824312, 0.9334572715770879, 0.2723773555759896]], "fy": 1680.3812796462603, "fx": 1680.4026297596713}, {"id": 73, "img_name": "0074", "width": 1842, "height": 1042, "position": [-0.9771230769164552, -3.4239507696723397, 2.1202947741066662], "rotation": [[-0.9140256246910877, -0.3420177069594832, 0.21813079914180702], [0.29515343335621674, -0.19182770124258863, 0.935994969972607], [-0.27828332358605967, 0.9199054414243677, 0.2762831349390248]], "fy": 1680.3812796462603, "fx": 1680.4026297596713}, {"id": 74, "img_name": "0075", "width": 1842, "height": 1042, "position": [-1.3546484371871192, -3.3320464141935324, 2.027897828794702], "rotation": [[-0.8730068206987662, -0.4023319454443331, 0.27565938527177036], [0.36064264863886486, -0.1520492117267274, 0.9202271008810949], [-0.32832296751244255, 0.9027790664876202, 0.27783805735637546]], "fy": 1680.3812796462603, "fx": 1680.4026297596713}, {"id": 75, "img_name": "0076", "width": 1842, "height": 1042, "position": [-1.718180807211542, -3.2176690833579347, 2.007472935746325], "rotation": [[-0.8228689046827395, -0.45958980682102013, 0.3341616003858695], [0.4237910295845241, -0.10461471412787085, 0.899698240985072], [-0.37853392047466133, 0.881948394779514, 0.28085423264733195]], "fy": 1680.3812796462603, "fx": 1680.4026297596713}, {"id": 76, "img_name": "0077", "width": 1842, "height": 1042, "position": [-1.9880610307714854, -3.009070579746488, 2.044898324750255], "rotation": [[-0.7702263448411268, -0.5036998591078443, 0.3912004980152945], [0.47564119074365735, -0.04504155220283806, 0.8784854672919264], [-0.42487272845010005, 0.8627037211638168, 0.27427259088263073]], "fy": 1680.3812796462603, "fx": 1680.4026297596713}, {"id": 77, "img_name": "0078", "width": 1842, "height": 1042, "position": [-2.1511025897825857, -2.7525673190279267, 2.0951038730942617], "rotation": [[-0.7217121837310501, -0.5260048777324656, 0.4499448771303128], [0.5157172109769786, 0.024964009366515192, 0.8563950937146213], [-0.4617004246871394, 0.8501150903483611, 0.25325293878988403]], "fy": 1680.3812796462603, "fx": 1680.4026297596713}, {"id": 78, "img_name": "0079", "width": 1842, "height": 1042, "position": [-2.251708821145052, -2.4887865992055227, 2.2099930810037614], "rotation": [[-0.6793982229094734, -0.5293634568620533, 0.5081263477192522], [0.5477862642285668, 0.094836010341083, 0.8312258055817907], [-0.4882092414426017, 0.8430779689219988, 0.22554661356002792]], "fy": 1680.3812796462603, "fx": 1680.4026297596713}, {"id": 79, "img_name": "0080", "width": 1842, "height": 1042, "position": [-2.3414935964131467, -2.182988397846895, 2.40314515396089], "rotation": [[-0.6420155644942208, -0.5235290615970829, 0.5601190378932359], [0.5746399324627146, 0.15505340989196592, 0.803584089003833], [-0.507547990801277, 0.8377802586264201, 0.20129400211987206]], "fy": 1680.3812796462603, "fx": 1680.4026297596713}, {"id": 80, "img_name": "0081", "width": 1842, "height": 1042, "position": [-2.540818058018192, -2.0113642952628017, 2.5392415771831853], "rotation": [[-0.6068596157218453, -0.5131989445813586, 0.6069170042818978], [0.6015033082099939, 0.20259210048348886, 0.7727549488900868], [-0.5195336149070305, 0.8340163572150531, 0.18574589868787322]], "fy": 1680.3812796462603, "fx": 1680.4026297596713}, {"id": 81, "img_name": "0082", "width": 1842, "height": 1042, "position": [-2.865206202081396, -1.83893268717577, 2.5177296934775466], "rotation": [[-0.5642518739303534, -0.49155385787527633, 0.6633209084402639], [0.6327472055824245, 0.25862019318672846, 0.7298949030536465], [-0.5303308369251379, 0.831559018040206, 0.165102401322]], "fy": 1680.3812796462603, "fx": 1680.4026297596713}, {"id": 82, "img_name": "0083", "width": 1842, "height": 1042, "position": [-3.2242113297118045, -1.7166013695667348, 2.546355024383891], "rotation": [[-0.5216453464361437, -0.4592800274713675, 0.7189909518953733], [0.6620826364285981, 0.3135844824381374, 0.6806697840463921], [-0.5380824426435712, 0.8310996503066919, 0.14050144546880108]], "fy": 1680.3812796462603, "fx": 1680.4026297596713}, {"id": 83, "img_name": "0084", "width": 1842, "height": 1042, "position": [-3.447425994053752, -1.5712648590561735, 2.671662495067281], "rotation": [[-0.4875505820351183, -0.4175639073728359, 0.7667690742438343], [0.6833699764461801, 0.3640994430853127, 0.632800972531579], [-0.5434150395868375, 0.8325094466758289, 0.10783374215124328]], "fy": 1680.3812796462603, "fx": 1680.4026297596713}, {"id": 84, "img_name": "0085", "width": 1842, "height": 1042, "position": [-3.504875213039285, -1.3678071256406288, 2.8147336772318043], "rotation": [[-0.46829849352778097, -0.3645720956307892, 0.8048501152680452], [0.702548318781097, 0.3987775231161371, 0.5894084719744129], [-0.5358380172565813, 0.8414651948504663, 0.06938259953188558]], "fy": 1680.3812796462603, "fx": 1680.4026297596713}, {"id": 85, "img_name": "0086", "width": 1842, "height": 1042, "position": [-3.5309936600838228, -1.204424991271429, 2.891526434197128], "rotation": [[-0.46635775259004886, -0.31742951477919595, 0.8256809006790718], [0.7210443300535926, 0.4043144514767012, 0.5626943205903718], [-0.5124505056068586, 0.8577693906138985, 0.04032557289284946]], "fy": 1680.3812796462603, "fx": 1680.4026297596713}, {"id": 86, "img_name": "0087", "width": 1842, "height": 1042, "position": [-3.6851691055442197, -1.035986941567646, 2.9274652719727814], "rotation": [[-0.46070891766880523, -0.2793277812036811, 0.8424507604769945], [0.7440338784886811, 0.39595762921507827, 0.5381738971071203], [-0.4839017264295805, 0.8747534204072615, 0.025408121620227857]], "fy": 1680.3812796462603, "fx": 1680.4026297596713}, {"id": 87, "img_name": "0088", "width": 1842, "height": 1042, "position": [-3.883964038923031, -0.903317160396751, 2.899682822655809], "rotation": [[-0.43367516478588225, -0.27078439146898337, 0.8594193765471606], [0.7644935355988294, 0.39427057207000604, 0.5100003431637975], [-0.47694390181187857, 0.8781950406010971, 0.03602756150641662]], "fy": 1680.3812796462603, "fx": 1680.4026297596713}, {"id": 88, "img_name": "0089", "width": 1842, "height": 1042, "position": [-4.21180990696772, -0.6546878674366333, 2.7333203483038044], "rotation": [[-0.38908744392550343, -0.2686374343302351, 0.8811611032359442], [0.7902644933166136, 0.3942052950542526, 0.46913134190141786], [-0.47338461274375326, 0.8788834474648262, 0.058914295292300564]], "fy": 1680.3812796462603, "fx": 1680.4026297596713}, {"id": 89, "img_name": "0090", "width": 1842, "height": 1042, "position": [-4.604226019858213, -0.35716966809523215, 2.4676634241682196], "rotation": [[-0.3294044221787259, -0.27420642781916904, 0.9034951917922699], [0.817167179374042, 0.39657554567580716, 0.418288940238453], [-0.4730016147995395, 0.8760928441178977, 0.09343875471367005]], "fy": 1680.3812796462603, "fx": 1680.4026297596713}, {"id": 90, "img_name": "0091", "width": 1842, "height": 1042, "position": [-4.9007904308840855, -0.1277198390404522, 2.2027227784326477], "rotation": [[-0.2550477658417722, -0.29162081388525174, 0.9219045167738488], [0.8426113570654818, 0.4006463511885557, 0.3598452476045276], [-0.4742960447688634, 0.868584942413924, 0.14353905297309316]], "fy": 1680.3812796462603, "fx": 1680.4026297596713}, {"id": 91, "img_name": "0092", "width": 1842, "height": 1042, "position": [-5.026946509123877, 0.06762512083108872, 1.9324940938576753], "rotation": [[-0.14815952245871167, -0.33240736283324834, 0.931425843016529], [0.8684152910991129, 0.4068994272441663, 0.2833509101690201], [-0.4731845708495249, 0.8508455801393191, 0.22838161192910492]], "fy": 1680.3812796462603, "fx": 1680.4026297596713}, {"id": 92, "img_name": "0093", "width": 1842, "height": 1042, "position": [-5.001705897026366, 0.28715062551731274, 1.7059986577566066], "rotation": [[-0.04010242657671773, -0.37658084542757936, 0.9255153495430035], [0.8823634964223493, 0.4212861572208407, 0.20964883475808638], [-0.4688565404939822, 0.8250483868180984, 0.3153865942694272]], "fy": 1680.3812796462603, "fx": 1680.4026297596713}, {"id": 93, "img_name": "0094", "width": 1842, "height": 1042, "position": [-4.879623466221101, 0.5631292133984863, 1.5197879296881225], "rotation": [[0.05717216273850971, -0.4158668181998787, 0.9076266486436537], [0.888670182747961, 0.4354943566020598, 0.1435617346734959], [-0.4549688451998737, 0.7983730048592993, 0.3944665955558549]], "fy": 1680.3812796462603, "fx": 1680.4026297596713}, {"id": 94, "img_name": "0095", "width": 1842, "height": 1042, "position": [-4.769013200271887, 0.8262044184298004, 1.336449226471257], "rotation": [[0.12873392769895628, -0.4427187777277519, 0.8873712073909346], [0.8841802652115351, 0.45643718176836257, 0.0994502775753516], [-0.4490577184167527, 0.7717934846489704, 0.45020215746233405]], "fy": 1680.3812796462603, "fx": 1680.4026297596713}, {"id": 95, "img_name": "0096", "width": 1842, "height": 1042, "position": [-4.656855004990274, 1.0532375711741602, 1.1313281913137867], "rotation": [[0.18974678371849524, -0.4580407010570639, 0.8684439384575378], [0.8761399884057052, 0.47820822219590015, 0.06079158610110039], [-0.4431420526027038, 0.7493434542313623, 0.4920462466228886]], "fy": 1680.3812796462603, "fx": 1680.4026297596713}, {"id": 96, "img_name": "0097", "width": 1842, "height": 1042, "position": [-4.595512275088261, 1.244245793009036, 0.9045161649605349], "rotation": [[0.24702456469174447, -0.46925455229342794, 0.8478083684363752], [0.8687328598701866, 0.49484520298768675, 0.020771212334420308], [-0.4292808901181377, 0.731387988848579, 0.529895770078805]], "fy": 1680.3812796462603, "fx": 1680.4026297596713}, {"id": 97, "img_name": "0098", "width": 1842, "height": 1042, "position": [-4.483869843155342, 1.498689923972698, 0.7185906931912533], "rotation": [[0.2974593561351468, -0.4805141706473273, 0.8249994322754258], [0.8616368673079257, 0.5072976778837524, -0.015197858715505714], [-0.41121750977244104, 0.7153706716247625, 0.5649291653257853]], "fy": 1680.3812796462603, "fx": 1680.4026297596713}, {"id": 98, "img_name": "0099", "width": 1842, "height": 1042, "position": [-4.2832826966326785, 1.9337953137260664, 0.47988775183856214], "rotation": [[0.36506716748603024, -0.4993783699036107, 0.7857144563364856], [0.8500383122359144, 0.5229931759481172, -0.06255402179572414], [-0.37968517347250325, 0.6907238099154498, 0.6154183840778895]], "fy": 1680.3812796462603, "fx": 1680.4026297596713}, {"id": 99, "img_name": "0100", "width": 1842, "height": 1042, "position": [-4.0352115525730845, 2.25414130319186, 0.16484315803341892], "rotation": [[0.4296924055389433, -0.5178742360455088, 0.73970988384801], [0.8360318987871997, 0.5377053682057014, -0.10919524354586287], [-0.341196572128774, 0.6653414256177436, 0.6640072940296083]], "fy": 1680.3812796462603, "fx": 1680.4026297596713}, {"id": 100, "img_name": "0101", "width": 1842, "height": 1042, "position": [-3.808621795365209, 2.4830245492715215, -0.0753072820190956], "rotation": [[0.4850948557388672, -0.5292417828232181, 0.6961221992220826], [0.8187695772060015, 0.554440659774822, -0.1490366875315118], [-0.30708200920534756, 0.642260609178674, 0.7022833826311465]], "fy": 1680.3812796462603, "fx": 1680.4026297596713}, {"id": 101, "img_name": "0102", "width": 1842, "height": 1042, "positio